1.005321063419193778e-21
2.771830376988745215e-20
6.838700362463055479e-19
1.509821337346626462e-17
2.982789457249958405e-16
5.273084097034271251e-15
8.341647883394457350e-14
1.180820996672135046e-12
1.495758012284900470e-11
1.695444845965548711e-10
1.719693511068843916e-09
1.560858364994025255e-08
1.267713156303891520e-07
9.213477004768115712e-07
5.991991279383933562e-06
3.487095541272411744e-05
1.815940347302990503e-04
8.462221076598465223e-04
3.528679494878381607e-03
1.316694792619658994e-02
4.396459529777609065e-02
1.313608950989905988e-01
3.512159058510596066e-01
8.402863533624593817e-01
1.798976550916856931e+00
3.446424366257135219e+00
5.908225452956953561e+00
9.063384905053428753e+00
1.244138835584467273e+01
1.528242696409924406e+01
1.679812782020711737e+01
1.652245489196066330e+01
1.454232558102685324e+01
1.145359155919999417e+01
8.072668626556056992e+00
5.093117058075343984e+00
2.881643541434186773e+00
1.479461974546901093e+00
7.396845016597168865e-01
4.859347209112379606e-01
6.153562631476459099e-01
1.125575363575126442e+00
2.075518112176970575e+00
3.499235436404642741e+00
5.305384606160792771e+00
7.216863049431648136e+00
8.807348322959372311e+00
9.646110279882014638e+00
9.485436719541848305e+00
8.378641454580968428e+00
6.651940623270674813e+00
4.750277240675489843e+00
3.056061561366138157e+00
1.779723004776476492e+00
9.550583980862812350e-01
5.039226307842925578e-01
3.115255112831346040e-01
2.740605496817272169e-01
3.134915674837897570e-01
3.742677349594764058e-01
4.179450010244105673e-01
4.223897284748244774e-01
3.830663370677397372e-01
3.110878922189030393e-01
2.261065208531515547e-01
1.470642773346455545e-01
8.559555001695259846e-02
4.458014430726996158e-02
2.077672667499598155e-02
8.664787616580077109e-03
3.233581388151315038e-03
1.079828371196539342e-03
3.226790207089492903e-04
8.628430088034954139e-05
2.064609382217136432e-05
4.420679871972600730e-06
8.470036724082584259e-07
1.452200487011307956e-07
2.227988374396243203e-08
3.058752379654207343e-09
3.757688517232346936e-10
4.130877275309076183e-11
4.063580477850941605e-12
3.577012809302283663e-13
2.817586015254864732e-14
1.985998555711704580e-15
1.252638429307408194e-16
7.069970335248926658e-18
3.570709422002022202e-19
1.613750853784234164e-20
6.526247173722872127e-22
2.361759162048657985e-23
7.648085898750929982e-25
2.216230680847114781e-26
5.746748963792852982e-28
1.333443280188426705e-29
2.768674658209887750e-31
5.144158739492763128e-33
8.552672756156261794e-35
1.272431484277674044e-36
1.693994575291768987e-38
2.018062821714430169e-40
2.151307074890094152e-42
2.052178753209899646e-44
1.751753629320962853e-46
1.338061030451302003e-48
9.145845838802139781e-51
5.593928208579414131e-53
3.061645882564372228e-55
1.499471047330078782e-57
6.571526582224309101e-60
2.577148896758720095e-62
9.043942875332460867e-65
2.840018490715358232e-67
7.980490452028724463e-70
2.006702790461843616e-72
4.515247745075303694e-75
9.091282890924973849e-78
1.637999695719700455e-80
2.640873017320674818e-83
3.810011436976356266e-86
4.918697304551364433e-89
5.682232139365064304e-92
5.873985971740575849e-95
5.433652937280959948e-98
4.497756535371096274e-101
3.331540128728462175e-104
2.208204099491521729e-107
1.309719918537845744e-110
6.951246839119858786e-114
3.301353625062243019e-117
1.403028327601365057e-120
5.335632270450981671e-124
1.815726361903721507e-127
5.529170280508478020e-131
1.506657676167413091e-134
3.673789509818443094e-138
8.016023993351588369e-142
1.565124193345521792e-145
2.734536126479069442e-149
7.416057451510020157e-153
2.083554176601876091e-149
1.236848151817239412e-145
6.570120239903181424e-142
3.123025912799526712e-138
1.328382659580586705e-134
5.056105775405553717e-131
1.722084470894185185e-127
5.248535022342925068e-124
1.431420067298499997e-120
3.493344847128469672e-117
7.628886905580168649e-114
1.490823592724806918e-110
2.606974021407770775e-107
4.079364569111702744e-104
5.712072470923417626e-101
7.157152563003980035e-98
8.024763111199327472e-95
8.051365661986279847e-92
7.228567963189232617e-89
5.807381775520018731e-86
4.174975016932441979e-83
2.685794519822923901e-80
1.546098248552869757e-77
7.964285122226687389e-75
3.671148234962124798e-72
1.514266995798208529e-69
5.589184049077151227e-67
1.846034391226051905e-64
5.456028005494149878e-62
1.442975060628830618e-59
3.414966869977120613e-57
7.232019765121873267e-55
1.370497219582641342e-52
2.324032317713308429e-50
3.526562803147417671e-48
4.788577746170288056e-46
5.818444966941190257e-44
6.326343862689629727e-42
6.155227939621951008e-40
5.358965736627754281e-38
4.175065818720275757e-36
2.910658100076267903e-34
1.815785749534125768e-32
1.013639626566239590e-30
5.063469042358236721e-29
2.263384753776602460e-27
9.053454514793009830e-26
3.240530087514135835e-24
1.037919582314332253e-22
2.974797643933092239e-21
7.629524131783245963e-20
1.750991680334743925e-18
3.595984031637946458e-17
6.608441749215657725e-16
1.086748005745313380e-14
1.599220225115925449e-13
2.105905847872814469e-12
2.481550627635190980e-11
2.616760578296223075e-10
2.469254670632155255e-09
2.085138677243901708e-08
1.575722362946716042e-07
1.065643739154557430e-06
6.449833907542810824e-06
3.493914391451865398e-05
1.694085610387172894e-04
7.352965017187033415e-04
2.857299527637011984e-03
9.942628824466370405e-03
3.098973807080046203e-02
8.655055682035180109e-02
2.167115883438631152e-01
4.868120167424608846e-01
9.820218189866281033e-01
1.781201540965917207e+00
2.909771132550874384e+00
4.290228851759538387e+00
5.724229902377310886e+00
6.932872377870593184e+00
7.648207567648345417e+00
7.712081426748367718e+00
7.130260851532246313e+00
6.058222845532403866e+00
4.734993206554346301e+00
3.402615120044463204e+00
2.243943323642785259e+00
1.354134352516747519e+00
7.452085341129734974e-01
3.726868610037014640e-01
1.688329205255431897e-01
6.908842464768280567e-02
2.547969041561672435e-02
8.453515442491234613e-03
2.519589092434772973e-03
6.739297496979598312e-04
1.616413441826512038e-04
3.474507153953565496e-05
6.690433691083291990e-06
1.153726678691919471e-06
1.781324979182119840e-07
2.462099593587182175e-08
3.046073491923459667e-09
3.372962591430400587e-10
3.342668062708113498e-11
2.964606322079192668e-12
2.352987192951012543e-13
1.671249585628205207e-14
1.062246815528286970e-15
6.041809594200032949e-17
3.075123672826697402e-18
1.400585331346908520e-19
5.708292106762859684e-21
2.081858162588260429e-22
6.794280797911953750e-24
1.984186936096436353e-25
5.185229027495010864e-27
1.212548791407993224e-28
2.537325472980203993e-30
4.751148856772315321e-32
7.960978864991475793e-34
1.193657112237095202e-35
1.601540516631535665e-37
1.922832459615766840e-39
2.065808695527939586e-41
1.986021177134657164e-43
1.708530553827049851e-45
1.315245161585335012e-47
9.060157670834475309e-50
5.584828893428618537e-52
3.080555638105940364e-54
1.520524099616417660e-56
6.715875278548911972e-59
2.654342728677716854e-61
9.387640174294737278e-64
2.970988229302487009e-66
8.413767107797636041e-69
2.132186065276367324e-71
4.835092346597250320e-74
9.811366609908567163e-77
1.781555237809100494e-79
2.894770504140870947e-82
4.208952678704254421e-85
5.476196267681313635e-88
6.375716894273525357e-91
6.642385880503430912e-94
6.192474638740903755e-97
5.165940848558611392e-100
3.856378732714517523e-103
2.576054143475715663e-106
1.539839131392960545e-109
8.236463435953751809e-113
3.942314389390272010e-116
1.688522270766090308e-119
6.471536256852242598e-123
2.219489228862822584e-126
6.811515549880412054e-130
1.870593929485666144e-133
4.596850147291376282e-137
1.010848869610796907e-140
1.989102534196014723e-144
3.502459879717478581e-148
5.518667457582958721e-152
7.781088213050270155e-156
9.817287512207525100e-160
1.108377596416461523e-163
1.119770508227016626e-167
1.012314293668851660e-171
8.189299802189035794e-176
5.928205221007502881e-180
3.840119560120344971e-184
2.225929064828685517e-188
1.154577133448412381e-192
5.358949213520961742e-197
2.225775656221957724e-201
8.272336506166380480e-206
2.751186644392474701e-210
8.187606726009370782e-215
2.180413946444204181e-219
5.195962235043693802e-224
1.107995708174107771e-228
2.114244589979826834e-233
3.610085064863034955e-238
5.516005624115198529e-243
7.541834932867503440e-248
9.227294947433592944e-253
1.010222042993676719e-257
9.897017445099114641e-263
8.676346516363887765e-268
6.806353464201845602e-273
4.777901220858372572e-278
3.001268791770047875e-283
1.687010071544980451e-288
8.485462450399271395e-294
3.819252874422971842e-299
1.538248038264526248e-304
5.543951001157605640e-310
1.787958592785730203e-315
5.162985999041026387e-321
0.000000000000000000e+00
0.000000000000000000e+00
0.000000000000000000e+00
0.000000000000000000e+00
0.000000000000000000e+00
0.000000000000000000e+00
0.000000000000000000e+00
0.000000000000000000e+00
0.000000000000000000e+00
0.000000000000000000e+00
0.000000000000000000e+00
0.000000000000000000e+00
0.000000000000000000e+00
0.000000000000000000e+00
0.000000000000000000e+00
0.000000000000000000e+00
0.000000000000000000e+00
0.000000000000000000e+00
0.000000000000000000e+00
0.000000000000000000e+00
0.000000000000000000e+00
0.000000000000000000e+00
0.000000000000000000e+00
0.000000000000000000e+00
0.000000000000000000e+00
0.000000000000000000e+00
4.446590812571218898e-322
1.556894524892219361e-316
4.844147060322209810e-311
1.348715973969572377e-305
3.360227961841808987e-300
7.491383666266036547e-295
1.494515405757004161e-289
2.667987624745717691e-284
4.261988599059925908e-279
6.092363600103825342e-274
7.792995115457080549e-269
8.920065669909172195e-264
9.136434765568701424e-259
8.373953059343680382e-254
6.867985110427078162e-249
5.040495441328643296e-244
3.310260457216362865e-239
1.945342901893531245e-234
1.022999029743787825e-229
4.813925198279784308e-225
2.027068907853468860e-220
7.638054374478310944e-216
2.575384266114766762e-211
7.770453922109593336e-207
2.097953218967749657e-202
5.068626261848094689e-198
1.095796220620609822e-193
2.119895174762919714e-189
3.669813837064403240e-185
5.684846478341060823e-181
7.880222998189511982e-177
9.774697676842689119e-173
1.084958733696099502e-168
1.077626261154196603e-164
9.577853119775198298e-161
7.617513617076928645e-157
5.421299070949459626e-153
3.452538686884511723e-149
1.967518397217508259e-145
1.003330723024108515e-141
4.578407888129878804e-138
1.869519126049306475e-134
6.831096262942953205e-131
2.233551444827342258e-127
6.535014812778843411e-124
1.710969448947232194e-120
4.008510225094821124e-117
8.403666310653628198e-114
1.576520657340730596e-110
2.646522529177832457e-107
3.975544220543152199e-104
5.343953192713840401e-101
6.427968897324096058e-98
6.918786867310508414e-95
6.663941915814734296e-92
5.743511817198775057e-89
4.429644777526784839e-86
3.057069755729360055e-83
1.887934240090944711e-80
1.043310179291683289e-77
5.159232432489502844e-75
2.282978447896234387e-72
9.039899410909698607e-70
3.203099678214473991e-67
1.015599269196523759e-64
2.881504992159973452e-62
7.315793603016281083e-60
1.662067222068547649e-57
3.378942475019109524e-55
6.146927423428460750e-53
1.000645962837482096e-50
1.457631971041950328e-48
1.900029745227452449e-46
2.216246140946456179e-44
2.313239842543651342e-42
2.160570368477710180e-40
1.805765074238013731e-38
1.350514232867079037e-36
9.038204570695184402e-35
5.412653864891648452e-33
2.900570545956593890e-31
1.390918559125395383e-29
5.968498196208891402e-28
2.291783203456565479e-26
7.874574639996552394e-25
2.421172825163871755e-23
6.661462776271467169e-22
1.640055578255832886e-20
3.613205794400729681e-19
7.123149212338915734e-18
1.256598844865402736e-16
1.983657232568929559e-15
2.802090118755489130e-14
3.541956857239046174e-13
4.006364394455783999e-12
4.055123794124570566e-11
3.672865309314208076e-10
2.976831243341175320e-09
2.159004035586581786e-08
1.401216736668462694e-07
8.137926674318646415e-07
4.229459754807101515e-06
1.967106974648741977e-05
8.187611383143184301e-05
3.049961387177708635e-04
1.016886595440682703e-03
3.034886388399740849e-03
8.109262838272967427e-03
1.940470397581767203e-02
4.160045393124202351e-02
7.995115564077578951e-02
1.378774059965628962e-01
2.136522386764919679e-01
2.980945677252843096e-01
3.755816805772207445e-01
4.290649033294045012e-01
4.468281057560208880e-01
4.269896983435955695e-01
3.771382999048106255e-01
3.099652996091883939e-01
2.381562797158596478e-01
1.712568433458511452e-01
1.149482843511168140e-01
7.160735538838654268e-02
4.110749534992273052e-02
2.159319537431431124e-02
1.031541621214857388e-02
4.460012579306724297e-03
1.739060719261504044e-03
6.099898917602458509e-04
1.921324260683364784e-04
5.427936003853596518e-05
1.374297841391072719e-05
3.116813933158307064e-06
6.329568519530981846e-07
1.150724737008479728e-07
1.872569120226192131e-08
2.727286037460954776e-09
3.554856009766399207e-10
4.146613377332527116e-11
4.328458965309927414e-12
4.043276590222664040e-13
3.379783204604953212e-14
2.528110823778010502e-15
1.692205212671422890e-16
1.013580263204598552e-17
5.432634581848686150e-19
2.605610133927347240e-20
1.118290256031109040e-21
4.294825521424297912e-23
1.475985845746327149e-24
4.539044172215702786e-26
1.249085250766403132e-27
3.075849902570463550e-29
6.777718621442629783e-31
1.336433126938310216e-32
2.358067329634787908e-34
3.723149019663142554e-36
5.260292177130759945e-38
6.650503544515589963e-40
7.523923855455152564e-42
7.616920847970739792e-44
6.900168105510794081e-46
5.593518367826682417e-48
4.057472878464092546e-50
2.633730508715127844e-52
1.529791306379461716e-54
7.951300758062507718e-57
3.698190731637815976e-59
1.539166341642526370e-61
5.732273869845823505e-64
1.910352110091536522e-66
5.696984348804471934e-69
1.520273548442139968e-71
3.630308707248643039e-74
7.757298034197064171e-77
1.483277797378078693e-79
2.537929830858591426e-82
3.885812294769906835e-85
5.323890521624146690e-88
6.527118579597744096e-91
7.160757644131243518e-94
7.029776733557702635e-97
6.175457980651144157e-100
4.854470771942951615e-103
3.414756097470122860e-106
2.149426333422902554e-109
1.210683204249351556e-112
6.102159351554854635e-116
2.752210487216752661e-119
1.110771731696529906e-122
4.011557888938859512e-126
1.296594666442445263e-129
6.048717282018296230e-130
1.893332925517085465e-126
5.306461700970877691e-123
1.330847103887153412e-119
2.986732862807043931e-116
5.998044568608188743e-113
1.077874240486077947e-109
1.733291473486959279e-106
2.494136502771433321e-103
3.211544584969379827e-100
3.700435360738961207e-97
3.815371499828631277e-94
3.520189126964241607e-91
2.906299302278652362e-88
2.147137582180526310e-85
1.419464808781909599e-82
8.397202693648677964e-80
4.445185899359056185e-77
2.105671149726980717e-74
8.925581965215351887e-72
3.385540196893853982e-69
1.149118756618531151e-66
3.490176928829392189e-64
9.485837140435101913e-62
2.307011156566776840e-59
5.020762485830427912e-57
9.777679090347598380e-55
1.703916084743297850e-52
2.657095633555229735e-50
3.707771936659013003e-48
4.629840430874612084e-46
5.173287554319171269e-44
5.172676049817616294e-42
4.628204910771163767e-40
3.705605595457754743e-38
2.654947477244701692e-36
1.702173257436172839e-34
9.765710093975404854e-33
5.013690163169231027e-31
2.303384179377100565e-29
9.469617194191392150e-28
3.483837758302780957e-26
1.146952971663355728e-24
3.379082107367550501e-23
8.908840698828348500e-22
2.101926661171038306e-20
4.438061465585836138e-19
8.386001918366316659e-18
1.418110975560283828e-16
2.146190508929679223e-15
2.906966337153194116e-14
3.524019763369219530e-13
3.823653972219336690e-12
3.713461166747771563e-11
3.228202069920489328e-10
2.512172337280273679e-09
1.750148836161796181e-08
1.091622953432208139e-07
6.096547316602282670e-07
3.049000773908617004e-06
1.365684475657698739e-05
5.479347964789150235e-05
1.969564510415218700e-04
6.344005665224225314e-04
1.831519352201709406e-03
4.740577490586524688e-03
1.100412833252329033e-02
2.291574573768799528e-02
4.282844091239310091e-02
7.186752067882071215e-02
1.083258911724163387e-01
1.467373100550020126e-01
1.787209808090984842e-01
1.958206882347558742e-01
1.931112910384744641e-01
1.714863903752086305e-01
1.371865626944764049e-01
9.890354024960937296e-02
6.427647937060632088e-02
3.766260972890292380e-02
1.989834071634962592e-02
9.478762130525737739e-03
4.070485470517052826e-03
1.575387744894587560e-03
5.493181024783366090e-04
1.724938881749807904e-04
4.875659756372809235e-05
1.239899735638869531e-05
2.835384743451437031e-06
5.827610264262864050e-07
1.075995582383530683e-07
1.783906505481507147e-08
2.654543767919753937e-09
3.544006562390795499e-10
4.243588323615919816e-11
4.555854784394562190e-12
4.384136414341280705e-13
3.780683473287193233e-14
2.921035291855849209e-15
2.021640795143804270e-16
1.253150879923585811e-17
6.956264905952809322e-19
3.457577686730827236e-20
1.538678826316361600e-21
6.130102222597341051e-23
2.186251831837799662e-24
6.979416806959181182e-26
1.994382606202362944e-27
5.239103329495670494e-29
6.190620169410657363e-29
2.385852980678513521e-27
8.387460075922026737e-26
2.639031629855163111e-24
7.431706307866180206e-23
1.873137567762001274e-21
4.225673975768791585e-20
8.532496279422631627e-19
1.542124233202337399e-17
2.494800493578412440e-16
3.612737151354711750e-15
4.683092695142506111e-14
5.434226419177572114e-13
5.645015720193022905e-12
5.249648692785648088e-11
4.370688992316995326e-10
3.257942360480691806e-09
2.174369777929744172e-08
1.299415370333998072e-07
6.953831582242486289e-07
3.332837457125318013e-06
1.430858852443601188e-05
5.504252170424371533e-05
1.898143928861746664e-04
5.872862371391668248e-04
1.632626591922213370e-03
4.088186562798903564e-03
9.260996916788371419e-03
1.911630630332186026e-02
3.636826256375080141e-02
6.481652300801807320e-02
1.103502995071900111e-01
1.825664617608822038e-01
2.955216925602653921e-01
4.646348219759733333e-01
6.974371327540024312e-01
9.804011687297861100e-01
1.270342243412800665e+00
1.500659952350704485e+00
1.605083970191233611e+00
1.548105696788977026e+00
1.343328429106686928e+00
1.047314613735534028e+00
7.331125769990665120e-01
4.605599719523941205e-01
2.596102024069542602e-01
1.312847881814545870e-01
5.955532298785402162e-02
2.423290353816877352e-02
8.843765799027547211e-03
2.894571523787611237e-03
8.495985452659630434e-04
2.236099789111153826e-04
5.276956216758679655e-05
1.116772960158354381e-05
2.138029606391093894e-06
4.789306459888933618e-07
6.737465926269246929e-07
2.891046376435245789e-06
1.202822521695767523e-05
4.490935791993293583e-05
1.501190955690721775e-04
4.492355621028373976e-04
1.203527694514571530e-03
2.886604810670469201e-03
6.198310821456769204e-03
1.191570058867100386e-02
2.050838124111715316e-02
3.160195952361892491e-02
4.359860759535821167e-02
5.385328698408321096e-02
5.955766492966177439e-02
5.897305761569913984e-02
5.228350119882189950e-02
4.150257084702881072e-02
2.949773799456414242e-02
1.877196015319472153e-02
1.069649228361574909e-02
5.457435181451444212e-03
2.493277700417699874e-03
1.020453162235339904e-03
3.763122267896844286e-04
1.337184130231369142e-04
7.653467075926804401e-05
1.407892923806587432e-04
3.828315974024246561e-04
9.876991131224366338e-04
2.291991490827809987e-03
4.762230609745024545e-03
8.856417281190546650e-03
1.474158489932890503e-02
2.196184986531867639e-02
2.928420374963662531e-02
3.494933280791287511e-02
3.733246315604747678e-02
3.569263982778190375e-02
3.054362088064492900e-02
2.339572366444988075e-02
1.604531780137943842e-02
9.866965286655031420e-03
5.481110844783332672e-03
2.853356983168128108e-03
1.619078884714647386e-03
1.381568165582111509e-03
1.848827982293523801e-03
2.814028297294477333e-03
4.064365363780627488e-03
5.315911881566432254e-03
6.236132785414332663e-03
6.549263981728920860e-03
6.155342074273361178e-03
5.176833255826965123e-03
3.896032863385715146e-03
2.623773689223370467e-03
1.581157903788897373e-03
8.526468294623855849e-04
4.114415800780265404e-04
1.776610541923088625e-04
6.864696609362719564e-05
2.373534336835688227e-05
7.343696959542514618e-06
2.033195000824512395e-06
5.037190512828397714e-07
1.116716100765964851e-07
2.215349423259972589e-08
3.932663185804988976e-09
6.247069340537845835e-10
8.879958944434990421e-11
1.129511473454927735e-11
1.285628209665559228e-12
1.309438775834836296e-13
1.193438541270762966e-14
9.733297058454520463e-16
7.103378474976432431e-17
4.638899771889441579e-18
2.710878674468239001e-19
1.417588660587377532e-20
6.633388562637695218e-22
2.777574409262741201e-23
1.040737070963022151e-24
3.489485548746879208e-26
1.046952169969850662e-27
2.810847838140848081e-29
6.752939963218899398e-31
1.451755562191570127e-32
2.792795693989762021e-34
4.807617322408235695e-36
7.405692478571804388e-38
1.020813757169823634e-39
1.259135336190669624e-41
1.389771391496625295e-43
1.372648628314942429e-45
1.213166616214938840e-47
9.594593490683131833e-50
6.790124927332423086e-52
4.300054974404051252e-54
2.436774317071160075e-56
1.235667652304489991e-58
5.616271931566289582e-61
2.530937631397346242e-61
6.093876601651769581e-59
1.325108848542327961e-56
2.578893442785640189e-54
4.492019794143894812e-52
7.002916163442961003e-50
9.771198294709823808e-48
1.220256244599222706e-45
1.363927501908971445e-43
1.364493076297035733e-41
1.221782767720308774e-39
9.791790413850103458e-38
7.023903849712953946e-36
4.509685485255952822e-34
2.591601007090625697e-32
1.333052278835888334e-30
6.137427389473412923e-29
2.529232195837993578e-27
9.329474941926029458e-26
3.080313334395503456e-24
9.103424821609333504e-23
2.408185689864271424e-21
5.702343806726854134e-20
1.208643152490103687e-18
2.293121412457275360e-17
3.894423878707693957e-16
5.920379323124314673e-15
8.056545799910963616e-14
9.813955967844932147e-13
1.070133599125904820e-11
1.044559776377089653e-10
9.127097031932283418e-10
7.139021721644863779e-09
4.998663716310078282e-08
3.133146832846422836e-07
1.758010729451202806e-06
8.830361328331489402e-06
3.970578044164074305e-05
1.598266961932006476e-04
5.759265853027332972e-04
1.857842611497745842e-03
5.365081713708374361e-03
1.386982218163459318e-02
3.209918000817556932e-02
6.650383532647223539e-02
1.233474629635825381e-01
2.048073030934408900e-01
3.044339632435603682e-01
4.051107868268691292e-01
4.826007502151873907e-01
5.146783881679634076e-01
4.913802948380643909e-01
4.199845872605190711e-01
3.213531521541357905e-01
2.201227812286885022e-01
1.349833161403691251e-01
7.410152895870140977e-02
3.641710016178339310e-02
1.602188668341493483e-02
6.310312854042939013e-03
2.224926951865495613e-03
7.022743391834870884e-04
1.984368978518098498e-04
5.019505351670587432e-05
1.136633433885185401e-05
2.304087522973718945e-06
4.181137703801427690e-07
6.792110256584730017e-08
9.877054316741098783e-09
1.285760920116050005e-09
1.498306220296609373e-10
1.562953150130333575e-11
1.459465100902787302e-12
1.219947489623985375e-13
9.128206596013080317e-15
6.113977846237557885e-16
3.665670860421649710e-17
1.967303520625550051e-18
9.450931634334391931e-20
4.064061317809894429e-21
1.564318804472084351e-22
5.389725590275609217e-24
1.662192804516478273e-25
4.588454968306790822e-27
1.133754072828045988e-28
2.507468821975797673e-30
4.963791306379839362e-32
8.795282414699392761e-34
1.394897995232325075e-35
2.009237228854212437e-37
2.274345976666684745e-37
1.553381333913606044e-35
9.601090462160890928e-34
5.310749274623204522e-32
2.628955424490709522e-30
1.164670442010776832e-28
4.617591427772035797e-27
1.638403142237715198e-25
5.202583419787805929e-24
1.478463223657664678e-22
3.760065103651168750e-21
8.558028528344076268e-20
1.743194204455202122e-18
3.177690795597047577e-17
5.184077056523321526e-16
7.568770381778101999e-15
9.889478487841574519e-14
1.156420353276284322e-12
1.210186843287172608e-11
1.133400937053731638e-10
9.499685168997707000e-10
7.125730883056799789e-09
4.783482854245674342e-08
2.873780937712135333e-07
1.545104120439337727e-06
7.434581101803377599e-06
3.201473529923501492e-05
1.233780701463330477e-04
4.255206597103916534e-04
1.313402723342052460e-03
3.628020319446433311e-03
8.968834016002588325e-03
1.984251285973032825e-02
3.928725456933236659e-02
6.961469525221039567e-02
1.103937035519161614e-01
1.566685049258250695e-01
1.989816318704426545e-01
2.261715822099395201e-01
2.300682543919934930e-01
2.094444303252977202e-01
1.706374001344860003e-01
1.244150018006058844e-01
8.118283321737340685e-02
4.740764591633074565e-02
2.477565270905168066e-02
1.158761698559771999e-02
4.850150861783951613e-03
1.816804590391922838e-03
6.090497976204786333e-04
1.827211209426481771e-04
4.905867363866817977e-05
1.178782528964480105e-05
2.534790903021664557e-06
4.877989571204338333e-07
8.400972880939591358e-08
1.294815796974385601e-08
1.785977373093119621e-09
2.204715877239032429e-10
2.448236908441799480e-11
3.850813534790925988e-12
1.478037162481691206e-11
1.316114756495483356e-10
1.063793874536406728e-09
7.695504078680407999e-09
4.981708081668175269e-08
2.885895374313303328e-07
1.496042574482451982e-06
6.940141897031415279e-06
2.881069500768598861e-05
1.070286550630340550e-04
3.558011180968885414e-04
1.058462350090243285e-03
2.817762230817894009e-03
6.712650742812450999e-03
1.431016013870390485e-02
2.729955855746092619e-02
4.660445103268334721e-02
7.119668334261229636e-02
9.733133359452221522e-02
1.190710218208233945e-01
1.303526702625402711e-01
1.277009643481162859e-01
1.119512024514784237e-01
8.782610769673984685e-02
6.165648227021459232e-02
3.873415019947514665e-02
2.177556898736394270e-02
1.095484491439246977e-02
4.932003948998001618e-03
1.988638557482822096e-03
7.277333279001880605e-04
2.954004987701809972e-04
3.894867896991161351e-04
1.466516442963246769e-03
5.827075909075789609e-03
2.093740517449784594e-02
6.736130715828667070e-02
1.939389227059142295e-01
4.996569851186996036e-01
1.151942057904718375e+00
2.376517111751146771e+00
4.387356166812336866e+00
7.247971421561857142e+00
1.071474118609610571e+01
1.417419911168899560e+01
1.677903592974062974e+01
1.777407942849594491e+01
1.684841000956576096e+01
1.429166376976871433e+01
1.084828509270093555e+01
7.369007666908148124e+00
4.480471878008019715e+00
2.441893179325077767e+00
1.203804227208878697e+00
5.669116296471881089e-01
3.272348294722401962e-01
3.514004852197731843e-01
5.836697448046606063e-01
1.010340898466145054e+00
1.607926791145529277e+00
2.299778014815061944e+00
2.945403209935359090e+00
3.375939298862524751e+00
3.462555506862831312e+00
3.177935211975155827e+00
2.609988338823910237e+00
1.918126210327681935e+00
1.261423317004853883e+00
7.423173092370227710e-01
3.908979367344341260e-01
1.841968616213635890e-01
7.766871717556192434e-02
2.930590217099211456e-02
9.894847756113156478e-03
2.989566339348956846e-03
8.082623162405396357e-04
1.955426627377479737e-04
4.233268119971188683e-05
8.200778554604508177e-06
1.421606665898377128e-06
2.205204526038610548e-07
3.061000191081726561e-08
3.802094402721281325e-09
4.225980536551055905e-10
4.203171849267481413e-11
3.740863474501320620e-12
2.979282104780112681e-13
2.123227130663969664e-14
1.354023929148515316e-15
7.726828653883230833e-17
3.945674738647384967e-18
1.802961025213287532e-19
7.372188878352779450e-21
2.697438960192705104e-22
8.831853487612499202e-24
2.587600005918506905e-25
6.784025764146313930e-27
1.591559544257146428e-28
3.341206761459950619e-30
6.276663836270590520e-32
1.055114144034872642e-33
1.587139418105795830e-35
2.136366545337856769e-37
2.573247245832318625e-39
2.773526516523858291e-41
2.675027097132992935e-43
2.308708524521729752e-45
1.783015361947761955e-47
1.232213949408836321e-49
7.620127088225244137e-52
4.216803519724905265e-54
2.088091735325708142e-56
9.252537218869952668e-59
3.668741941254181195e-61
1.301722903051739177e-63
4.132996001265705244e-66
1.174238949133394232e-68
2.985334747112916514e-71
6.791639845411095365e-74
1.382615167695581835e-76
2.518680291139143026e-79
4.105724727110130471e-82
5.988963555397591045e-85
