0.000000000000000000e+00
0.000000000000000000e+00
0.000000000000000000e+00
0.000000000000000000e+00
0.000000000000000000e+00
0.000000000000000000e+00
0.000000000000000000e+00
0.000000000000000000e+00
0.000000000000000000e+00
0.000000000000000000e+00
0.000000000000000000e+00
0.000000000000000000e+00
0.000000000000000000e+00
0.000000000000000000e+00
0.000000000000000000e+00
0.000000000000000000e+00
0.000000000000000000e+00
0.000000000000000000e+00
0.000000000000000000e+00
0.000000000000000000e+00
0.000000000000000000e+00
0.000000000000000000e+00
0.000000000000000000e+00
0.000000000000000000e+00
0.000000000000000000e+00
0.000000000000000000e+00
0.000000000000000000e+00
0.000000000000000000e+00
0.000000000000000000e+00
0.000000000000000000e+00
0.000000000000000000e+00
0.000000000000000000e+00
0.000000000000000000e+00
0.000000000000000000e+00
0.000000000000000000e+00
0.000000000000000000e+00
0.000000000000000000e+00
0.000000000000000000e+00
0.000000000000000000e+00
0.000000000000000000e+00
0.000000000000000000e+00
0.000000000000000000e+00
0.000000000000000000e+00
0.000000000000000000e+00
0.000000000000000000e+00
0.000000000000000000e+00
0.000000000000000000e+00
0.000000000000000000e+00
0.000000000000000000e+00
0.000000000000000000e+00
0.000000000000000000e+00
0.000000000000000000e+00
0.000000000000000000e+00
0.000000000000000000e+00
0.000000000000000000e+00
0.000000000000000000e+00
0.000000000000000000e+00
0.000000000000000000e+00
0.000000000000000000e+00
0.000000000000000000e+00
0.000000000000000000e+00
0.000000000000000000e+00
0.000000000000000000e+00
0.000000000000000000e+00
0.000000000000000000e+00
0.000000000000000000e+00
0.000000000000000000e+00
0.000000000000000000e+00
0.000000000000000000e+00
0.000000000000000000e+00
0.000000000000000000e+00
0.000000000000000000e+00
0.000000000000000000e+00
0.000000000000000000e+00
0.000000000000000000e+00
0.000000000000000000e+00
0.000000000000000000e+00
0.000000000000000000e+00
0.000000000000000000e+00
0.000000000000000000e+00
0.000000000000000000e+00
0.000000000000000000e+00
0.000000000000000000e+00
0.000000000000000000e+00
0.000000000000000000e+00
0.000000000000000000e+00
0.000000000000000000e+00
0.000000000000000000e+00
0.000000000000000000e+00
0.000000000000000000e+00
0.000000000000000000e+00
0.000000000000000000e+00
0.000000000000000000e+00
0.000000000000000000e+00
0.000000000000000000e+00
0.000000000000000000e+00
0.000000000000000000e+00
0.000000000000000000e+00
0.000000000000000000e+00
0.000000000000000000e+00
0.000000000000000000e+00
0.000000000000000000e+00
0.000000000000000000e+00
0.000000000000000000e+00
0.000000000000000000e+00
7.751494730732485281e-319
2.512240346939032667e-313
7.285778206479168956e-308
1.890757438799992761e-302
4.390771139676854555e-297
9.124118070727749380e-292
1.696625950433224592e-286
2.823101077898417441e-281
4.203507867712140623e-276
5.600701366352931205e-271
6.677564378322440331e-266
7.124245346349157061e-261
6.801501026624290973e-256
5.810530512545994418e-251
4.441932171465333132e-246
3.038597512475812846e-241
1.860028304501663574e-236
1.018851873642470768e-231
4.993989960190538560e-227
2.190430122393938980e-222
8.597184834472398988e-218
3.019452819311251295e-213
9.489544262658062650e-209
2.668748132794603162e-204
6.716065865107932854e-200
1.512402654821377865e-195
3.047649665984615048e-191
5.495507205389117526e-187
8.867386726004951283e-183
1.280349825345279110e-178
1.654271447444017897e-174
1.912625899068220068e-170
1.978784147738104739e-166
1.831942952481695922e-162
1.517646420211101131e-158
1.125056654141558150e-154
7.463169731179729204e-151
4.430139285437712227e-147
2.353187755908694484e-143
1.118512693478076500e-139
4.757407938560860101e-136
1.810693774939256796e-132
6.166869592643821719e-129
1.879445179522230349e-125
5.125540893942179712e-122
1.250820201310378793e-118
2.731462326623120299e-115
5.337534419443076774e-112
9.333215824461081064e-109
1.460384033864213269e-105
2.044786608160702186e-102
2.561970103920643220e-99
2.872402350688922452e-96
2.881785427448194627e-93
2.587159242989822489e-90
2.078403354290887373e-87
1.494106871471739197e-84
9.611222857141123971e-82
5.532491925457737624e-79
2.849758700171944884e-76
1.313531665824301580e-73
5.417740087106619088e-71
1.999589958162320961e-68
6.604027771819272771e-66
1.951740162362516408e-63
5.161551592061234284e-61
1.221472554992997489e-58
2.586618161489258674e-56
4.901467214237390566e-54
8.311225265498647017e-52
1.261098993637723869e-49
1.712294577472048311e-47
2.080429307159170127e-45
2.261895975674627701e-43
2.200581614968111174e-41
1.915788341118975276e-39
1.492460248064075423e-37
1.040406914201580778e-35
6.490062978086704819e-34
3.622762259486543563e-32
1.809572657525248464e-30
8.088304955603876777e-29
3.235075025090696269e-27
1.157861489358302484e-25
3.708295763178231510e-24
1.062766235943835231e-22
2.725504691333039225e-21
6.254637777076307462e-20
1.284410286215577332e-18
2.360218653156525561e-17
3.881040809973025989e-16
5.710742825461369705e-15
7.519460700342978093e-14
8.859970213165557056e-13
9.341826313525525317e-12
8.814318429964425913e-11
7.442313041942130138e-10
5.623362971402134524e-09
3.802442703528247980e-08
2.301021699948418466e-07
1.246202086605526250e-06
6.040757190889901040e-06
2.620986692109244110e-05
1.018023929726353204e-04
3.540293058749248434e-04
1.102562396555538697e-03
3.075960268229380526e-03
7.690454047661970938e-03
1.724104649041154416e-02
3.468573695603389961e-02
6.268519325115454177e-02
1.019070148186499436e-01
1.492954488801577217e-01
1.975504917248352976e-01
2.367566107101503614e-01
2.578196571866948617e-01
2.559969515594725520e-01
2.325677422617951906e-01
1.938787479085923304e-01
1.485983550158839483e-01
1.047714754011533911e-01
6.789139858555212625e-02
4.034260761341262880e-02
2.191513690235630946e-02
1.084529679659892998e-02
4.872588702847582831e-03
1.981280249013318406e-03
7.271952419731433784e-04
2.404051650381306901e-04
7.146516210416762140e-05
1.907852693352590214e-05
4.569579227582689610e-06
9.812462376122781201e-07
1.888088155575730933e-07
3.254189115557026936e-08
5.022488636945018340e-09
6.940065871129382167e-10
8.584475968894537943e-11
9.504390702544508594e-12
9.418083125488887147e-13
8.352281563635759394e-14
6.628806191543161444e-15
4.708049993203460061e-16
2.992359200838566312e-17
1.701951215761757485e-18
8.662370910748163392e-20
3.945295600474959046e-21
1.607952239265580913e-22
5.864296651908326928e-24
1.913844890176506483e-25
5.589136575126919971e-27
1.460593237113353365e-28
3.415544877586040156e-30
7.147210036204474085e-32
1.338316126078801846e-33
2.242468419441959929e-35
3.362322021866690107e-37
4.511256678063296749e-39
5.416278358776425813e-41
5.819016346738322908e-43
5.594268565149256522e-45
4.812626501348676903e-47
3.704811372514201705e-49
2.552084967759223292e-51
1.573146742515836057e-53
8.677375935671804218e-56
4.283045210109948699e-58
1.891742274840227544e-60
7.476809964446109788e-63
2.644330761217807220e-65
8.368743789526530206e-68
2.370008079240001944e-70
6.005987719972235440e-73
1.361959244421525662e-75
2.763686913420988307e-78
5.018323225548874900e-81
8.154051998482540703e-84
1.185586869202790816e-86
1.542546776433557856e-89
1.795925686446016770e-92
1.871041581447389945e-95
1.744309612334447330e-98
1.455153360175469585e-101
1.086273078862218592e-104
7.256284871417546974e-108
4.337452076309211104e-111
2.320064784875026192e-114
1.110479619894130941e-117
4.756265949906481609e-121
1.822916290462237660e-124
6.251905129171164842e-128
1.918682390967140341e-131
5.269129324985184267e-135
1.294850663835919238e-138
2.847380897598299626e-142
5.602946918672900337e-146
9.865804529156555025e-150
1.554510151942167993e-153
2.191793709860254737e-157
2.765354720057428691e-161
3.122101918726957815e-165
3.154193718433362601e-169
2.851508735683744621e-173
2.306779630705563821e-177
1.669869632420413399e-181
1.081693159944051083e-185
6.270044997948825224e-190
3.252237771054651800e-194
1.509520372478003167e-198
6.269612873276533028e-203
2.330169588572582942e-207
7.749601876654407517e-212
2.306302721355412820e-216
6.141837030827361152e-221
1.463609848855296332e-225
3.121026207688332521e-230
5.955449760418584202e-235
1.016896547188724106e-239
1.553760360948486106e-244
2.124400329882872754e-249
2.599164341933080752e-254
2.845615238856380760e-259
2.787813219511956727e-264
2.443971999601091000e-269
1.917228323525792896e-274
1.345849520718703102e-279
8.454038663080709035e-285
4.752006354431365930e-290
2.390203364207417802e-295
1.075815386912129393e-300
4.332970250634162620e-306
1.561632075025340164e-311
5.036360926537081627e-317
1.432790372939614978e-322
0.000000000000000000e+00
0.000000000000000000e+00
0.000000000000000000e+00
0.000000000000000000e+00
0.000000000000000000e+00
0.000000000000000000e+00
0.000000000000000000e+00
0.000000000000000000e+00
0.000000000000000000e+00
0.000000000000000000e+00
0.000000000000000000e+00
0.000000000000000000e+00
0.000000000000000000e+00
0.000000000000000000e+00
0.000000000000000000e+00
0.000000000000000000e+00
0.000000000000000000e+00
0.000000000000000000e+00
0.000000000000000000e+00
0.000000000000000000e+00
0.000000000000000000e+00
0.000000000000000000e+00
0.000000000000000000e+00
0.000000000000000000e+00
0.000000000000000000e+00
0.000000000000000000e+00
0.000000000000000000e+00
0.000000000000000000e+00
0.000000000000000000e+00
0.000000000000000000e+00
0.000000000000000000e+00
0.000000000000000000e+00
0.000000000000000000e+00
0.000000000000000000e+00
0.000000000000000000e+00
0.000000000000000000e+00
0.000000000000000000e+00
0.000000000000000000e+00
0.000000000000000000e+00
0.000000000000000000e+00
0.000000000000000000e+00
0.000000000000000000e+00
0.000000000000000000e+00
0.000000000000000000e+00
0.000000000000000000e+00
0.000000000000000000e+00
0.000000000000000000e+00
0.000000000000000000e+00
0.000000000000000000e+00
0.000000000000000000e+00
0.000000000000000000e+00
0.000000000000000000e+00
0.000000000000000000e+00
0.000000000000000000e+00
0.000000000000000000e+00
0.000000000000000000e+00
0.000000000000000000e+00
0.000000000000000000e+00
0.000000000000000000e+00
0.000000000000000000e+00
0.000000000000000000e+00
0.000000000000000000e+00
0.000000000000000000e+00
0.000000000000000000e+00
0.000000000000000000e+00
0.000000000000000000e+00
0.000000000000000000e+00
0.000000000000000000e+00
0.000000000000000000e+00
0.000000000000000000e+00
0.000000000000000000e+00
0.000000000000000000e+00
0.000000000000000000e+00
0.000000000000000000e+00
0.000000000000000000e+00
0.000000000000000000e+00
0.000000000000000000e+00
0.000000000000000000e+00
0.000000000000000000e+00
0.000000000000000000e+00
0.000000000000000000e+00
0.000000000000000000e+00
0.000000000000000000e+00
0.000000000000000000e+00
0.000000000000000000e+00
0.000000000000000000e+00
0.000000000000000000e+00
0.000000000000000000e+00
0.000000000000000000e+00
0.000000000000000000e+00
0.000000000000000000e+00
0.000000000000000000e+00
0.000000000000000000e+00
0.000000000000000000e+00
0.000000000000000000e+00
0.000000000000000000e+00
0.000000000000000000e+00
0.000000000000000000e+00
0.000000000000000000e+00
0.000000000000000000e+00
0.000000000000000000e+00
0.000000000000000000e+00
0.000000000000000000e+00
0.000000000000000000e+00
0.000000000000000000e+00
0.000000000000000000e+00
0.000000000000000000e+00
0.000000000000000000e+00
0.000000000000000000e+00
0.000000000000000000e+00
0.000000000000000000e+00
0.000000000000000000e+00
0.000000000000000000e+00
0.000000000000000000e+00
0.000000000000000000e+00
0.000000000000000000e+00
0.000000000000000000e+00
0.000000000000000000e+00
0.000000000000000000e+00
0.000000000000000000e+00
0.000000000000000000e+00
0.000000000000000000e+00
0.000000000000000000e+00
0.000000000000000000e+00
0.000000000000000000e+00
0.000000000000000000e+00
0.000000000000000000e+00
0.000000000000000000e+00
0.000000000000000000e+00
0.000000000000000000e+00
0.000000000000000000e+00
0.000000000000000000e+00
0.000000000000000000e+00
0.000000000000000000e+00
0.000000000000000000e+00
0.000000000000000000e+00
0.000000000000000000e+00
0.000000000000000000e+00
0.000000000000000000e+00
0.000000000000000000e+00
0.000000000000000000e+00
0.000000000000000000e+00
0.000000000000000000e+00
0.000000000000000000e+00
0.000000000000000000e+00
0.000000000000000000e+00
0.000000000000000000e+00
0.000000000000000000e+00
0.000000000000000000e+00
0.000000000000000000e+00
0.000000000000000000e+00
0.000000000000000000e+00
0.000000000000000000e+00
0.000000000000000000e+00
0.000000000000000000e+00
0.000000000000000000e+00
0.000000000000000000e+00
0.000000000000000000e+00
0.000000000000000000e+00
0.000000000000000000e+00
0.000000000000000000e+00
0.000000000000000000e+00
0.000000000000000000e+00
0.000000000000000000e+00
0.000000000000000000e+00
0.000000000000000000e+00
0.000000000000000000e+00
0.000000000000000000e+00
0.000000000000000000e+00
0.000000000000000000e+00
0.000000000000000000e+00
0.000000000000000000e+00
0.000000000000000000e+00
0.000000000000000000e+00
0.000000000000000000e+00
0.000000000000000000e+00
0.000000000000000000e+00
0.000000000000000000e+00
0.000000000000000000e+00
0.000000000000000000e+00
0.000000000000000000e+00
0.000000000000000000e+00
0.000000000000000000e+00
0.000000000000000000e+00
0.000000000000000000e+00
0.000000000000000000e+00
0.000000000000000000e+00
0.000000000000000000e+00
0.000000000000000000e+00
0.000000000000000000e+00
0.000000000000000000e+00
0.000000000000000000e+00
0.000000000000000000e+00
0.000000000000000000e+00
0.000000000000000000e+00
0.000000000000000000e+00
0.000000000000000000e+00
0.000000000000000000e+00
0.000000000000000000e+00
0.000000000000000000e+00
0.000000000000000000e+00
0.000000000000000000e+00
0.000000000000000000e+00
0.000000000000000000e+00
0.000000000000000000e+00
0.000000000000000000e+00
0.000000000000000000e+00
0.000000000000000000e+00
0.000000000000000000e+00
0.000000000000000000e+00
0.000000000000000000e+00
0.000000000000000000e+00
0.000000000000000000e+00
0.000000000000000000e+00
0.000000000000000000e+00
0.000000000000000000e+00
0.000000000000000000e+00
0.000000000000000000e+00
0.000000000000000000e+00
0.000000000000000000e+00
0.000000000000000000e+00
0.000000000000000000e+00
0.000000000000000000e+00
0.000000000000000000e+00
0.000000000000000000e+00
0.000000000000000000e+00
0.000000000000000000e+00
0.000000000000000000e+00
0.000000000000000000e+00
0.000000000000000000e+00
0.000000000000000000e+00
0.000000000000000000e+00
0.000000000000000000e+00
0.000000000000000000e+00
0.000000000000000000e+00
0.000000000000000000e+00
0.000000000000000000e+00
0.000000000000000000e+00
0.000000000000000000e+00
0.000000000000000000e+00
0.000000000000000000e+00
0.000000000000000000e+00
0.000000000000000000e+00
0.000000000000000000e+00
0.000000000000000000e+00
0.000000000000000000e+00
0.000000000000000000e+00
0.000000000000000000e+00
0.000000000000000000e+00
0.000000000000000000e+00
0.000000000000000000e+00
0.000000000000000000e+00
2.541473682207372223e-320
8.385151332397243419e-315
2.475692386899514610e-309
6.540749965515953269e-304
1.546334722781688417e-298
3.271331580713997842e-293
6.192852360604831142e-288
1.049064022372816842e-282
1.590224248682555589e-277
2.157048287062639409e-272
2.618222111832209335e-267
2.843794668840594750e-262
2.763981443452078247e-257
2.403904201070418153e-252
1.870873163136076919e-247
1.302916846988285151e-242
8.119592444085205683e-238
4.527901295107761971e-233
2.259461127512893243e-228
1.008922982027739211e-223
4.031404629285081775e-219
1.441451446687906984e-214
4.611995975552025857e-210
1.320453513342186389e-205
3.383004951357576993e-201
7.755816010245275928e-197
1.591100967423687226e-192
2.920877831019326075e-188
4.798157422429938611e-184
7.053116876754546781e-180
9.277547809617831594e-176
1.092020781889075651e-171
1.150202326992883014e-167
1.084084853650616577e-163
9.143196933662396095e-160
6.900470556652269644e-156
4.660207523734776117e-152
2.816292845090928347e-148
1.522987963158280736e-144
7.369895714584637010e-141
3.191336111751884974e-137
1.236602770335198680e-133
4.287799746271029289e-130
1.330410136121732950e-126
3.693886485161546325e-123
9.177590823823876112e-120
2.040427645505484193e-116
4.059394960539090585e-113
7.226854019824681119e-110
1.151291801420249831e-106
1.641232161136432091e-103
2.093646988100077192e-100
2.389935151448640986e-97
2.441284708756121789e-94
2.231520467155033374e-91
1.825298819315133896e-88
1.336036445855886150e-85
8.750936074964477600e-83
5.129125146442763937e-80
2.690205374193921751e-77
1.262646531513449669e-74
5.303142583609980387e-72
1.993154759016358681e-69
6.703569111308008844e-67
2.017575441732552485e-64
5.433923180062914529e-62
1.309660613387491005e-59
2.824667274375396227e-57
5.451813124999899695e-55
9.416333165549237528e-53
1.455432724844760922e-50
2.013142051045164993e-48
2.491904676059694851e-46
2.760362891418144093e-44
2.736415378163918959e-42
2.427630698255091089e-40
1.927400691240399183e-38
1.369476636057830641e-36
8.708339369561631623e-35
4.955865568138827628e-33
2.524137554900960756e-31
1.150594502582709688e-29
4.694122433379951576e-28
1.714024854113023257e-26
5.601687501808211226e-25
1.638584984578277154e-23
4.290199882558961613e-22
1.005438717573796203e-20
2.109187877437354632e-19
3.960679001692199364e-18
6.657835006385600053e-17
1.001892041895035808e-15
1.349740129913375356e-14
1.627942003632516729e-13
1.757951499031821498e-12
1.699711539166665449e-11
1.471521803282687412e-10
1.140790085977811457e-09
7.919876913683128633e-09
4.924164949774732672e-08
2.742065018784634593e-07
1.367682003454432212e-06
6.110653221642515392e-06
2.445793283517862894e-05
8.770360027101657880e-05
2.817850506456419228e-04
8.112594286125046931e-04
2.093062386551628080e-03
4.839774620422929857e-03
1.003064527361137784e-02
1.863517596019470882e-02
3.103691973445019819e-02
4.634499411172811334e-02
6.205021493908223496e-02
7.449637499688446796e-02
8.020676999002415708e-02
7.744628293114819151e-02
6.707024843930035896e-02
5.209801772915474694e-02
3.629879737507777510e-02
2.268590697423029587e-02
1.271806721681198113e-02
6.395731722301595257e-03
2.885103899508622942e-03
1.167421283464833287e-03
4.237176404796187722e-04
1.379403713780319213e-04
4.027641746872348192e-05
1.054701395874157481e-05
2.476843114795574911e-06
5.215857260854297394e-07
9.848643995544989902e-08
1.667300783218999061e-08
2.530462458029017782e-09
3.442665655911164409e-10
4.198157837175011481e-11
4.588296001535707519e-12
4.493997560428118999e-13
3.944241693052531099e-14
3.101736339640300388e-15
2.185341894781970414e-16
1.379338435239146740e-17
7.798740112122393854e-19
3.949544591646175011e-20
1.791459556256347098e-21
7.277371657447295778e-23
2.647411970295880651e-24
8.624253390297531903e-26
2.515647387674689636e-27
6.570270195072559861e-29
1.536386286473553408e-30
3.216484098260758380e-32
6.028478622182676578e-34
1.011491656236119300e-35
1.519250546683318973e-37
2.042652609492676803e-39
2.458353341698042059e-41
2.648296032830700149e-43
2.553582884530986849e-45
2.203861531225430669e-47
1.702394289335581763e-49
1.176979512542033325e-51
7.282872296416075923e-54
4.033242714502127997e-56
1.999020992524798335e-58
8.867184155711061678e-61
3.520092316383676016e-63
1.250597033036231386e-65
3.976227832278853305e-68
1.131388012845392941e-70
2.880942715482056163e-73
6.565034969095367684e-76
1.338800235038024401e-78
2.443250854944988771e-81
3.990169719973634595e-84
5.831542288693556503e-87
7.626796841271453623e-90
8.926182174966767383e-93
9.348726248396187328e-96
8.761949363236024834e-99
7.348678579533210440e-102
5.515396442267196681e-105
3.704265091843160247e-108
2.226302680298128437e-111
1.197353173819583879e-114
5.762559419246451113e-118
2.481777876599907511e-121
9.564539858599668942e-125
3.298514047505051483e-128
1.017946949196640794e-131
2.811150043109778113e-135
6.946956146138839821e-139
1.536230421011645794e-142
3.039968639122919374e-146
5.383100528854196831e-150
8.529945637252867605e-154
1.209512043355746827e-157
1.534702131030689096e-161
1.742560209288427889e-165
1.770521254659851167e-169
1.612630375916146356e-173
3.381573835133028669e-172
3.578379031401724677e-168
3.388573783354847931e-164
2.871505659092522822e-160
2.177535387594660533e-156
1.477693283032287939e-152
8.973619580082444727e-149
4.876587943739888577e-145
2.371539268088644281e-141
1.032075017356504815e-137
4.019386417604257865e-134
1.400801831952588519e-130
4.368808572324310602e-127
1.219325530946677589e-123
3.045423215999123642e-120
6.806878676130161651e-117
1.361513042303380041e-113
2.437082052585781377e-110
3.903859643148045804e-107
5.596224457824350036e-104
7.179168923015976856e-101
8.241999965154808463e-98
8.467822564794713782e-95
7.785615552731177512e-92
6.406157773968435071e-89
4.717231911909483257e-86
3.108588570599511975e-83
1.833273377261473529e-80
9.675664063875460870e-78
4.570098295011418938e-75
1.931804652409729269e-72
7.307949360341411377e-70
2.474140203607407325e-67
7.496376528212258180e-65
2.032725302065753948e-62
4.932966533632519490e-60
1.071375805838650029e-57
2.082484408894132407e-55
3.622680754198742815e-53
5.640127585104372282e-51
7.858878670653757835e-49
9.800479338973858351e-47
1.093834126943099866e-44
1.092635815430031380e-42
9.768359921449223911e-41
7.816145400320647447e-39
5.597458865328233356e-37
3.587724561592585906e-35
2.058163276113795941e-33
1.056758611702931600e-31
4.856347355194608785e-30
1.997489217601569854e-28
7.353645959776180269e-27
2.423078127438272183e-25
7.146303124001215748e-24
1.886460368565422772e-22
4.457271833332550740e-21
9.426461760497944176e-20
1.784388615562219010e-18
3.023391084019881306e-17
4.585285476456060164e-16
6.224559487265332824e-15
7.563522065121232212e-14
8.226512624895735613e-13
8.009155071403505290e-12
6.979750104941748149e-11
5.444753906084814043e-10
3.801935899410853989e-09
2.376415572250768894e-08
1.329639540748994349e-07
6.659508966520279885e-07
2.985726450257446428e-06
1.198284798303739562e-05
4.305017767244927922e-05
1.384513748456831319e-04
3.985928494019115131e-04
1.027244987877963100e-03
2.369917077015399297e-03
4.894508128654855537e-03
9.049067450318040717e-03
1.497681385782665027e-02
2.219002138025341631e-02
2.943204305877700211e-02
3.494693457929973907e-02
3.714712434059695007e-02
3.534842382110723463e-02
3.011236095937907739e-02
2.296415503081358778e-02
1.567790015753129512e-02
9.582035531236527889e-03
5.242768177793545592e-03
2.568011139090358406e-03
1.126073492043260958e-03
4.420487838863021218e-04
1.553485427333728148e-04
4.887394641782342178e-05
1.376513371618409207e-05
3.470688699698670313e-06
7.833977699894651842e-07
1.582994941156710829e-07
2.863559303936604656e-08
4.637256063759581375e-09
6.722686395135008949e-10
8.724689947022182699e-11
1.013633342287966209e-11
1.054226039327903735e-12
9.815369681652448437e-14
8.180835133705393973e-15
6.103859801955445949e-16
4.076853973961167583e-17
2.437570166425347348e-18
1.304662059977090477e-19
6.250940502003873744e-21
2.680998247865041332e-22
1.029316331893310625e-23
3.537525962983911353e-25
1.088293558796932318e-26
2.996989987879134987e-28
7.387788454396169198e-30
1.630161427855990576e-31
3.219814281660355101e-33
5.692618762119118457e-35
9.008928208684132548e-37
1.306172729699925382e-38
2.327354267443858447e-38
1.592850711610183173e-36
9.824302042452125840e-35
5.422683142028116883e-33
2.678628647222223018e-31
1.184123260881154106e-29
4.684549130809270360e-28
1.658538361683822058e-26
5.254972303116290323e-25
1.490056970615914969e-23
3.781143732342069648e-22
8.586807038887664157e-21
1.745133888557606606e-19
3.174056497798382792e-18
5.166420135596910852e-17
7.525827541705755619e-16
9.810893890963657935e-15
1.144597949711729190e-13
1.195054476089736544e-12
1.116639726598880164e-11
9.337472790397145114e-11
6.987740830585447088e-10
4.679890026705209325e-09
2.804956758990561804e-08
1.504556822540949472e-07
7.222426761516373802e-07
3.102773301344853576e-06
1.192915004135938295e-05
4.104513723200702593e-05
1.263882989462310343e-04
3.482933249399842697e-04
8.589674952904378718e-04
1.895840358091421081e-03
3.744729088310813983e-03
6.619615881049575878e-03
1.047222700615898019e-02
1.482652240500278648e-02
1.878597100190656718e-02
2.130208888840655346e-02
2.161747764421923304e-02
1.963279808199892493e-02
1.595709389081366100e-02
1.160699699514343951e-02
7.555800036593914200e-03
4.401853472084912670e-03
2.295013625681591000e-03
1.070852174317600894e-03
4.471655536408586005e-04
1.671097188222894542e-04
5.588941937223204989e-05
1.672830628544543115e-05
4.480936409545983877e-06
1.074187180703348949e-06
2.304546384514709085e-07
4.424713588571348677e-08
7.602895179834355751e-09
1.169140939087474208e-09
1.608973408864835404e-10
1.981756063578354549e-11
2.199134398343188592e-12
3.835738071671672270e-13
1.713175527314022232e-12
1.527895594672664057e-11
1.232850514192245317e-10
8.902880231264346974e-10
5.753239191330321273e-09
3.327022781967526771e-08
1.721712294834091647e-07
7.973093676742201908e-07
3.304111157617329020e-06
1.225304264841294630e-05
4.066256477977220980e-05
1.207555588093575704e-04
3.209083731093758719e-04
7.631616344992105984e-04
1.624103056523599174e-03
3.092945160621811147e-03
5.270993067923927626e-03
8.038486102973949748e-03
1.097027931087305418e-02
1.339746737193672765e-02
1.464162690574799183e-02
1.431916093220184268e-02
1.253162555799915666e-02
9.814289247894068466e-03
6.878154043579032782e-03
4.313666241117221530e-03
2.420933014614541461e-03
1.215851675307714477e-03
5.464370152635043137e-04
2.197673313110391758e-04
7.910092319738028937e-05
2.551233303508787561e-05
7.536822381173135408e-06
2.769902313308828392e-06
3.958620103659648365e-06
1.275278250941396965e-05
4.075946989211266770e-05
1.173121529899592472e-04
3.022505197295150144e-04
6.968700772650516032e-04
1.437767731971722768e-03
2.654466873990782381e-03
4.385483884892931415e-03
6.483497659449298511e-03
8.577344100644262656e-03
1.015425342759239055e-02
1.075710024347897344e-02
1.019757292208521571e-02
8.651028945225567798e-03
6.569068338669565438e-03
4.471124013471238813e-03
2.752232407829357380e-03
1.616868641169744505e-03
1.160274595272820604e-03
1.546041478975500490e-03
3.198876107593930096e-03
6.911847408247889096e-03
1.373623117925847591e-02
2.453531529618497783e-02
3.924275638076989148e-02
5.617190134677196856e-02
7.195004989662176498e-02
8.246872347528208524e-02
8.458486893801038520e-02
7.763207146473408149e-02
6.375800662459922552e-02
4.685687754483050527e-02
3.081463419214881122e-02
1.813367157980994016e-02
9.549036051106343445e-03
4.499646307305473110e-03
1.897327405439557879e-03
7.158981491612158993e-04
2.417159211008581426e-04
7.303050975032136414e-05
1.974460566813709275e-05
4.776806561888059970e-06
1.034122297835783786e-06
2.003324064266102752e-07
3.472766399095469111e-08
5.386975387984465541e-09
7.477552475269162353e-10
9.287931530457323181e-11
1.032342004403536507e-11
1.026770185169046416e-12
9.138353582640365280e-14
7.277927481728775237e-15
5.186716941335951481e-16
3.307671938310948257e-17
1.887545232139506200e-18
9.638675604014771691e-20
4.404356027588517682e-21
1.800912156493578647e-22
6.589427724630626484e-24
2.157485698784864995e-25
6.321107991167761058e-27
1.657232920732110993e-28
3.887934604694955183e-30
8.162052963468127033e-32
1.533292189072343913e-33
2.577481136727014427e-35
3.877136805786340806e-37
5.218813930188416838e-39
6.286046046779272937e-41
6.775297359999229460e-43
6.534678429547930868e-45
5.639818641670637546e-47
4.355631340902808813e-49
3.010108479120395653e-51
1.861479413731382035e-53
1.030099996852342883e-55
5.100885694960181770e-58
2.260251962156151269e-60
8.962169963547151710e-63
3.179907993092384580e-65
1.009627079651856461e-67
2.868484345755814377e-70
7.292711537151525938e-73
1.659092668761920819e-75
3.377515188474710023e-78
6.152746679563115208e-81
1.002965088701522622e-83
1.463011215695786661e-86
